3.541377,14.117353
7.557393,-5.084635
3.166911,9.573636
13.331795,16.621830
11.612750,6.641931
3.830730,3.586179
11.762759,4.213109
6.604257,3.280172
9.689928,6.528018
2.778080,-0.395811
11.618508,2.939671
7.249251,5.126340
9.656822,4.261920
4.419211,4.419553
7.259051,7.330177
3.838575,0.298211
7.325429,16.776389
7.567757,10.972919
14.964037,4.549223
1.344400,-0.064759
7.304926,0.792839
6.881509,5.112533
9.367249,12.300202
9.751100,0.560066
2.306057,6.905743
7.944879,5.934288
9.667853,7.865852
0.931305,-1.665439
11.976326,3.880154
3.864546,1.881692
9.978704,7.500837
10.445862,6.349088
11.463678,15.701543
7.839424,10.097830
6.135034,-7.108990
10.701916,13.209970
7.293292,4.535532
6.876146,-2.843593
5.236375,11.064902
2.765405,-11.028924
10.536805,4.858770
12.009213,6.423873
13.673060,14.340989
7.678980,1.802894
10.164854,7.675883
11.835260,0.617132
12.184050,12.354030
15.061479,20.247328
7.885181,-6.287269
11.240380,12.163427
10.381784,9.777250
4.500316,-1.233330
7.545115,-0.475812
14.854627,13.414140
0.724573,-7.332994
8.698629,-2.937731
10.166856,9.377578
8.068867,3.254618
7.190726,8.013573
3.841659,6.825251
6.114641,2.150496
5.915510,-2.781932
3.785952,15.291451
7.079156,-0.137496
13.391504,19.507101
5.016902,-6.666766
2.575529,-0.384540
5.046530,5.638514
16.200852,19.545122
10.074730,9.241558
8.393580,10.848857
4.611682,4.856342
7.323540,12.098730
5.694494,-3.949175
9.313851,7.919534
10.284222,9.902458
12.051566,24.076143
10.082565,10.576756
14.965254,19.595855
10.835384,2.024846
13.953771,9.642235
5.119232,-4.114644
0.042342,0.373215
10.977901,6.047288
14.832966,19.907771
6.017666,-5.968877
7.430665,6.676842
9.037468,-1.669748
6.207978,2.550638
9.666194,3.516989
5.556900,19.050286
4.922927,2.213810
8.817153,6.923573
15.325670,11.795060
11.118337,6.083414
11.754067,10.730168
12.728015,10.763154
6.441048,-4.898295
5.007410,-1.162154
6.024514,2.716710
7.738284,2.134779
9.968634,15.947943
10.246069,6.368920
10.379518,14.073914
6.101255,3.703826
12.371334,12.823870
1.089433,-0.900434
4.852261,-7.911974
11.747231,4.009043
4.679254,14.918415
2.125755,-5.413165
6.108773,9.454851
4.424395,-0.603235
7.786132,-6.976112
9.965404,5.853659
4.793025,6.153353
13.491031,4.145460
6.071917,8.292309
6.718802,3.161366
3.628015,-4.789877
4.996217,-3.479076
7.524042,-4.765834
3.200632,7.317183
6.147206,0.976566
9.937547,7.765771
10.905149,5.494315
18.848401,19.971678
10.739901,13.288706
13.258711,16.024546
4.010982,-2.481129
6.912648,5.669278
11.786023,15.944861
8.989359,3.175880
6.922464,1.860507
8.700805,2.905826
8.535912,17.026334
13.649245,12.675864
7.966526,-1.114188
9.467771,-1.801404
9.696503,5.550825
7.374373,3.308778
7.987267,-7.271619
9.330621,-2.779850
3.134163,-6.499347
7.208208,-8.359519
8.232693,6.062346
10.722700,15.955421
12.811082,-2.059749
2.815809,-3.278641
6.944905,5.078224
9.567343,6.359180
8.230634,9.543359
3.941726,-3.131191
12.091016,14.337429
10.492968,6.355338
14.513110,12.272742
12.451007,8.835091
12.807010,20.711869
2.813557,2.230087
8.986305,0.639866
9.022808,12.211457
14.178280,5.622087
4.100617,11.544239
5.525748,17.407891
3.170222,3.640207
5.585237,2.983672
12.770943,10.013090
3.797246,0.904580
14.096668,8.441105
9.893458,2.565098
6.272271,3.431931
8.379810,10.847264
3.088108,-1.137567
14.536379,21.224784
12.894775,17.711367
17.044661,21.808274
10.736963,16.342726
10.994051,19.321784
3.893903,-2.738612
10.796186,14.068797
11.818374,9.900676
10.221853,11.785447
11.048544,13.251606
7.992911,-3.847927
10.886242,9.977343
9.329961,-3.202430
2.198117,-6.108516
6.979528,-1.266318
3.806121,-3.731664
7.884839,2.055371
5.522859,7.531775
3.830175,-1.389529
11.132404,9.037660
8.883235,1.536338
1.268924,-2.451370
10.226901,12.684081
5.903762,3.745760
14.124737,8.016432
16.276690,12.029282
8.297699,10.315450
16.816378,18.749758
9.458065,4.460015
16.222351,27.684664
2.815881,12.706687
13.740149,9.698666
5.754449,-3.969468
4.918016,-6.281255
7.612594,8.357767
11.819233,10.328678
8.543044,4.202452
7.403447,2.389312
5.808586,-5.675216
9.189915,12.061471
0.343106,-6.473829
3.478834,7.375393
8.767544,1.840175
4.137723,3.801904
6.679080,14.867802
6.209724,0.128504
7.080113,5.862570
8.175489,20.383695
5.033252,9.125417
-0.655122,-9.652503
13.646965,5.315916
11.039736,17.975948
7.791181,5.601168
16.380214,25.137451
13.724824,8.798411
12.975284,10.253495
7.020733,1.311721
6.703539,1.198390
9.740156,0.535330
3.387884,7.773606
3.944207,13.726095
16.099462,26.842818
1.320644,-1.505465
8.952593,2.305245
7.937321,-4.148559
8.516853,-4.380751
4.910080,8.389546
7.447441,0.935752
6.841886,-0.891936
5.845097,6.705742
10.169676,14.722422
3.132925,-7.218056
15.672894,11.316793
11.574853,10.951774
7.010085,15.304226
12.271867,6.595324
13.808973,4.544745
9.662096,2.033961
9.920327,8.225174
12.723820,3.595968
13.266503,13.302126
7.033732,12.073981
9.527496,14.167641
8.840125,7.016627
11.351189,11.689653
10.088748,11.089315
13.087460,5.298221
12.781534,16.959741
5.574768,5.400152
11.619599,4.733511
6.724781,-0.375955
6.623781,-0.858366
8.371580,7.052846
7.266571,17.018895
9.128243,8.390149
8.694276,1.226235
5.541007,12.381378
7.063837,5.104232
6.594185,-2.113792
2.663315,4.264117
4.551794,6.897499
12.278758,6.143716
10.660403,1.611931
4.537902,0.099305
7.050254,6.726522
3.406016,2.854733
7.506814,4.840028
3.722029,10.840422
-0.710670,-8.466217
5.588087,4.724961
10.400801,6.176248
2.295338,0.141985
12.152059,9.694075
6.132745,-3.467397
14.886966,17.201717
6.943311,10.551273
9.636238,2.587617
-1.436302,-7.788876
8.805347,8.872248
3.070730,-13.090918
12.778319,1.857759
17.326008,23.501299
6.848614,13.888267
3.374388,-0.046821
7.677171,2.462577
4.950130,-4.999316
12.041743,14.211997
5.894168,0.919685
1.761951,-0.193609
13.506335,6.074585
6.455835,-0.365195
7.477013,8.523012
8.569648,10.981932
6.705361,13.080018
8.947503,14.143078
13.210809,18.451980
9.893620,13.419942
9.779646,2.269227
6.903220,8.646729
4.364635,5.013087
10.348633,3.765476
10.658540,7.383996
4.932397,1.854558
6.409176,-1.560710
4.040845,-3.755938
20.196360,19.693507
9.010460,4.925556
10.522107,18.178074
1.933602,-4.245191
9.229849,4.922230
6.669536,14.885709
10.190683,11.363940
9.585673,7.502220
3.905209,1.930255
7.011836,-1.051801
8.255835,3.453672
9.247927,3.471036
11.659405,6.179171
13.548226,20.612281
9.969779,6.815655
6.480689,5.872567
8.567823,7.549239
2.691900,3.639924
13.043011,4.576216
7.772403,2.703258
6.956516,5.027236
15.706900,9.007944
5.195300,2.377252
5.622075,8.184526
4.305676,-7.108770
10.603668,12.650938
9.440327,6.854566
11.872322,4.433547
1.116186,-3.733963
11.378985,13.137159
6.902290,9.749262
3.002809,-0.928890
12.027535,3.978969
3.094400,-5.397793
5.296283,0.555644
12.281000,3.717481
10.863008,9.862984
10.470305,12.839915
8.765801,-1.992390
2.183967,7.066926
9.528428,0.844300
11.324969,-2.243344
7.756938,8.345196
3.985797,-4.145640
16.619819,9.681237
11.155224,14.789373
13.609037,17.770269
-1.314787,-10.019365
7.870539,4.126963
5.777138,2.411793
12.504280,6.801055
7.017210,12.913020
10.463120,8.012546
6.988534,-0.287256
10.832542,-2.959863
6.902502,-1.065065
9.114602,13.313358
6.126670,-11.068894
6.308211,8.943391
5.459947,5.466772
9.120891,12.115926
6.717706,-3.772484
14.004809,13.182435
3.878161,-7.202897
9.170587,6.234387
5.078039,8.596826
9.486511,16.748574
8.937215,7.163474
13.236023,9.468582
6.730275,7.882460
9.884073,16.640933
14.560250,9.934551
12.565797,3.630961
11.450252,11.362789
11.575307,14.283933
10.508955,5.313451
6.023784,6.538918
8.128153,10.703534
7.686550,8.472207
6.783096,-3.318676
6.872922,4.731589
2.508293,-5.404290
7.660394,-8.675162
10.976217,2.256315
3.364158,4.936032
9.499323,-2.398524
13.859298,18.487387
7.720211,7.666811
13.319294,17.729965
4.084296,-3.646504
13.593431,13.636922
5.352062,5.063360
11.148636,4.851948
10.813143,11.068422
7.356415,-5.386128
10.859877,11.289257
10.459264,10.030243
7.305958,-3.355289
10.414322,15.694390
11.962815,3.773623
2.593706,4.645620
9.206380,13.951218
9.061637,16.933854
9.841809,3.716542
4.729633,3.930570
17.514330,6.987168
13.893171,13.405888
9.369140,17.547785
3.595335,-4.907247
5.814012,9.118820
7.464281,10.443385
11.085331,17.113050
10.086641,7.969752
6.957808,10.404005
8.943469,-8.072312
14.311424,5.629971
6.358822,-5.619537
8.596839,3.743186
3.833709,-11.967089
1.706406,0.056609
10.252032,-1.200889
8.750998,9.528006
5.057130,2.107039
9.657132,3.162644
3.752353,4.247799
10.903853,3.696667
3.239220,-5.250899
11.530661,3.763614
2.308335,1.181631
5.218079,1.105406
12.737061,1.155671
5.052149,8.712747
4.983505,13.610826
12.275288,7.411998
6.716059,1.682577
6.757032,11.384744
2.719085,4.013602
6.189229,-1.792743
6.043333,7.304786
4.404707,0.154852
17.277041,9.572831
5.256334,-11.000859
9.564355,4.100652
3.627948,7.119089
7.306759,3.575785
3.234810,9.188598
3.269424,-0.210611
17.858807,9.323813
13.109966,14.977249
5.472158,-0.681365
14.120219,16.403103
15.673144,5.191635
7.903367,4.580404
14.121023,11.224909
12.599207,14.348291
12.712894,5.798994
7.183458,5.339212
7.497750,4.604172
2.038859,1.323620
11.183056,1.380996
3.628399,0.268686
7.527124,-2.697611
11.052519,3.400819
1.338217,-6.301002
12.479065,22.010230
11.167015,19.186202
6.587437,2.718542
9.272284,0.333861
15.229234,9.909019
7.400092,3.677240
8.121743,-4.087034
8.964327,2.272018
8.738167,5.416635
2.140930,-5.142178
9.407961,-1.104703
12.469611,0.377786
9.887069,11.514404
9.242507,9.594658
10.327563,1.541103
7.236333,6.137660
6.642700,18.689035
5.454413,5.421810
7.057437,2.984577
7.696570,6.714182
14.732552,15.941568
4.208477,5.546869
17.360400,5.769014
14.218688,12.341774
8.559867,16.397813
9.933055,-1.614069
3.824626,6.288077
13.545148,9.130653
1.323622,-4.655873
7.793198,-1.011674
11.735064,1.020247
10.263820,8.835809
6.559853,-1.260913
3.859992,-2.373859
8.274302,-3.494607
1.865965,-4.752107
10.022044,14.633335
10.741862,1.300711
14.096108,10.549109
4.731127,6.619574
7.462883,9.444969
12.236824,3.797986
5.737786,-0.991360
5.775120,9.854793
11.859954,15.460919
10.950225,8.727492
15.355805,2.249219
6.939310,8.766769
8.801457,9.739979
8.528557,11.000157
9.346457,11.838194
9.397783,3.338617
7.221654,-0.271622
8.918632,9.353054
5.779398,18.583338
13.587140,18.206865
13.742415,8.235364
10.867180,3.262305
14.588722,4.654057
2.093068,5.581701
8.033322,-7.982469
-1.205422,-1.162000
7.738810,-6.303759
12.073086,2.582277
1.468607,-1.486393
8.880994,11.599427
10.225987,12.012562
7.913576,5.991160
